         1          1          0
         1          1          6
         1          1          7
         1          1          8
         1          1          9
         2          2          4
         2          2          5
         2          2          6
         2          2          8
         3          3          0
         3          3          7
         4          4          4
         4          4          6
         4          4          7
         4          4          8
         5          5          0
         5          5          5
         5          5          7
         5          5          8
         5          5          9
         6          6          0
         6          6          1
         6          6          3
         6          6          4
         6          6          5
         6          6          7
         6          6          8
         6          6          9
         7          7          2
         7          7          3
         7          7          5
         7          7          6
         7          7          7
         7          7          9
         8          8          0
         8          8          3
         8          8          4
         8          8          5
         8          8          6
         8          8          8
         9          9          9
        10         10          0
        10         10          5
        10         10          6
        10         10          8
        10         10          9
        11         11          0
        11         11          3
        11         11          7
        11         11          8
        11         11          9
        12         12          0
        12         12          3
        12         12          6
        12         12          8
        12         12          9
        13         13          0
        13         13          3
        13         13          4
        13         13          5
        13         13          6
        13         13          8
        13         13          9
        14         14          3
        14         14          8
        14         14          9
        15         15          0
        15         15          3
        15         15          8
        15         15          9
        16         16          0
        16         16          3
        16         16          5
        16         16          7
        16         16          8
        17         17          3
        17         17          5
        17         17          7
        17         17          8
        17         17          9
        18         18          0
        18         18          5
        18         18          7
        18         18          8
        19         19          0
        19         19          3
        19         19          5
        19         19          6
        19         19          7
        20         20          0
        20         20          6
        21         21          0
        21         21          9
        22         22          4
        22         22          6
        22         22          8
        22         22          9
        23         23          0
        23         23          1
        23         23          3
        23         23          5
        23         23          8
        23         23          9
        24         24          0
        24         24          3
        24         24          6
        24         24          8
        24         24          9
        25         25          8
        25         25          9
        26         26          0
        26         26          3
        26         26          5
        26         26          6
        26         26          7
        26         26          8
        26         26          9
        27         27          3
        27         27          5
        27         27          6
        27         27          8
        27         27          9
        28         28          3
        28         28          4
        28         28          7
        28         28          9
        29         29          7
        29         29          8
        30         30          0
        30         30          8
        30         30          9
        31         31          7
        31         31          8
        32         32          0
        32         32          4
        32         32          5
        32         32          7
        32         32          8
        33         33          6
        33         33          8
        33         33          9
        34         34          0
        34         34          3
        34         34          7
        34         34          8
        34         34          9
        35         35          3
        35         35          4
        35         35          7
        36         36          0
        36         36          3
        36         36          5
        36         36          7
        36         36          8
        36         36          9
        37         37          0
        37         37          3
        37         37          4
        37         37          9
        38         38          0
        38         38          3
        38         38          4
        38         38          5
        38         38          7
        38         38          8
        38         38          9
        39         39          0
        39         39          3
        39         39          5
        39         39          6
        39         39          7
        39         39          8
        39         39          9
        40         40          0
        40         40          3
        40         40          4
        40         40          6
        40         40          7
        40         40          8
        40         40          9
        41         41          3
        41         41          9
        42         42          0
        42         42          3
        42         42          5
        42         42          6
        42         42          7
        42         42          8
        42         42          9
        43         43          3
        43         43          4
        43         43          5
        43         43          8
        44         44          3
        44         44          4
        44         44          7
        44         44          8
        44         44          9
        45         45          3
        45         45          8
        45         45          9
        46         46          5
        46         46          8
        47         47          4
        47         47          7
        47         47          8
        47         47          9
        48         48          0
        48         48          8
        48         48          9
        49         49          3
        49         49          6
        49         49          8
        49         49          9
        50         50          3
        50         50          7
        50         50          8
        50         50          9
        51         51          3
        51         51          5
        51         51          8
        52         52          0
        52         52          3
        52         52          4
        52         52          6
        52         52          7
        52         52          8
        53         53          0
        53         53          4
        53         53          5
        53         53          8
        53         53          9
        54         54          3
        54         54          4
        54         54          7
        54         54          8
        54         54          9
        55         55          7
        56         56          3
        56         56          5
        56         56          8
        57         57          3
        57         57          4
        57         57          9
        58         58          0
        58         58          1
        58         58          5
        58         58          6
        59         59          4
        59         59          5
        59         59          6
        59         59          8
        59         59          9
        60         60          0
        61         61          0
        61         61          3
        61         61          4
        61         61          6
        61         61          7
        61         61          8
        61         61          9
        62         62          3
        62         62          7
        62         62          8
        62         62          9
        63         63          0
        63         63          3
        63         63          5
        63         63          7
        63         63          8
        63         63          9
        64         64          0
        64         64          3
        64         64          4
        64         64          6
        64         64          8
        64         64          9
        65         65          0
        65         65          3
        65         65          4
        65         65          5
        65         65          7
        65         65          8
        65         65          9
        66         66          7
        66         66          9
        67         67          7
        67         67          8
        68         68          0
        68         68          3
        68         68          4
        68         68          5
        68         68          8
        68         68          9
        69         69          0
        69         69          3
        69         69          8
        70         70          7
        70         70          8
        70         70          9
        71         71          0
        71         71          3
        71         71          4
        71         71          6
        71         71          7
        71         71          8
        71         71          9
        72         72          0
        72         72          3
        72         72          8
        72         72          9
        73         73          1
        73         73          3
        73         73          8
        74         74          3
        74         74          6
        74         74          8
        74         74          9
        75         75          0
        75         75          8
        75         75          9
        76         76          1
        76         76          3
        76         76          4
        76         76          5
        76         76          8
        77         77          0
        77         77          3
        77         77          6
        77         77          7
        77         77          8
        77         77          9
        78         78          3
        78         78          5
        78         78          8
        78         78          9
        79         79          0
        79         79          3
        79         79          5
        79         79          6
        79         79          8
        79         79          9
        80         80          0
        80         80          3
        80         80          4
        80         80          5
        80         80          8
        80         80          9
        81         81          0
        81         81          3
        81         81          4
        81         81          6
        81         81          8
        81         81          9
        82         82          3
        82         82          5
        82         82          6
        82         82          7
        82         82          8
        82         82          9
        83         83          3
        83         83          5
        83         83          6
        83         83          8
        84         84          0
        84         84          3
        84         84          8
        84         84          9
        85         85          3
        85         85          8
